,Rank,Name,G,Rush Yards,Pass Yards,Plays,Total Yards,Yards/Play,Yards/G
0,1,Louisville,13,1049,2220,779,3269,4.20,251.5
1,2,Michigan State,14,1212,2319,873,3531,4.04,252.2
2,3,Florida State,14,1747,2193,963,3940,4.09,281.4
3,4,Virginia Tech,13,1442,2240,812,3682,4.53,283.2
4,5,Alabama,13,1381,2344,771,3725,4.83,286.5
5,6,Iowa,13,1669,2271,861,3940,4.58,303.1
6,7,Wisconsin,13,1333,2633,839,3966,4.73,305.1
7,8,Florida,12,1709,2062,712,3771,5.30,314.3
8,9,Cincinnati,13,1358,2745,861,4103,4.77,315.6
9,10,Bowling Green,14,2108,2392,890,4500,5.06,321.4
10,11,Florida Atlantic,12,2012,1933,800,3945,4.93,328.8
11,12,Utah State,14,1495,3138,1019,4633,4.55,330.9
12,13,USC,14,1684,3005,942,4689,4.98,334.9
13,14,Western Kentucky,12,1935,2135,763,4070,5.33,339.2
14,15,LSU,13,1862,2567,872,4429,5.08,340.7
15,16,Stanford,14,1256,3553,989,4809,4.86,343.5
16,17,North Texas,13,1567,2961,881,4528,5.14,348.3
17,18,Mississippi State,13,1874,2667,833,4541,5.45,349.3
18,19,South Carolina,13,2000,2550,833,4550,5.46,350.0
19,20,Oklahoma,13,1789,2763,846,4552,5.38,350.2
20,21,South Florida,12,1677,2532,777,4209,5.42,350.8
21,22,Tulane,13,1604,2958,932,4562,4.89,350.9
22,23,Vanderbilt,13,1922,2690,909,4612,5.07,354.8
23,24,Clemson,13,2024,2608,920,4632,5.03,356.3
24,25,TCU,12,1570,2707,886,4277,4.83,356.4
25,26,Kansas State,13,1808,2857,919,4665,5.08,358.8
26,27,Baylor,13,1886,2794,985,4680,4.75,360.0
27,28,Georgia Tech,13,1505,3178,849,4683,5.52,360.2
28,29,UCF,13,1592,3114,879,4706,5.35,362.0
29,30,Rice,14,2259,2838,957,5097,5.33,364.1
30,31,Wake Forest,12,1718,2676,878,4394,5.00,366.2
31,31,Notre Dame,13,2184,2576,930,4760,5.12,366.2
32,33,Pittsburgh,13,1937,2841,865,4778,5.52,367.5
33,34,Syracuse,13,1803,2985,896,4788,5.34,368.3
34,35,Marshall,14,2249,2913,1053,5162,4.90,368.7
35,36,East Carolina,13,1517,3277,979,4794,4.90,368.8
36,37,Oregon,13,2152,2659,1043,4811,4.61,370.1
37,38,Mississippi,13,2014,2802,917,4816,5.25,370.5
38,39,Memphis,12,1396,3052,857,4448,5.19,370.7
39,39,Nebraska,13,2029,2790,925,4819,5.21,370.7
40,41,Michigan,13,1822,3007,912,4829,5.29,371.5
41,42,Arizona State,14,1927,3286,942,5213,5.53,372.4
42,43,Minnesota,13,2056,2796,858,4852,5.66,373.2
43,44,Maryland,13,1952,2926,957,4878,5.10,375.2
44,45,Georgia,13,1926,2956,902,4882,5.41,375.5
45,46,UTSA,12,1717,2799,841,4516,5.37,376.3
46,47,Ohio State,14,1532,3752,1000,5284,5.28,377.4
47,48,BYU,13,2079,2846,1028,4925,4.79,378.8
48,49,Penn State,12,1728,2848,864,4576,5.30,381.3
49,50,Buffalo,13,2166,2810,890,4976,5.59,382.8
50,51,South Alabama,12,1916,2695,820,4611,5.62,384.3
51,52,Connecticut,12,1625,2990,836,4615,5.52,384.6
52,53,Oklahoma State,13,1851,3153,1049,5004,4.77,384.9
53,54,UCLA,13,2188,2829,990,5017,5.07,385.9
54,55,San Diego State,13,1708,3312,955,5020,5.26,386.2
55,56,Washington,13,2097,2959,1015,5056,4.98,388.9
56,57,Louisiana-Lafayette,13,1959,3157,888,5116,5.76,393.5
57,58,Navy,13,2325,2807,908,5132,5.65,394.8
58,59,Texas State,12,1769,2991,880,4760,5.41,396.7
59,60,Akron,12,1969,2795,865,4764,5.51,397.0
60,61,Utah,12,1564,3208,887,4772,5.38,397.7
61,62,North Carolina State,12,2162,2631,814,4793,5.89,399.4
62,63,Arizona,13,2182,3032,991,5214,5.26,401.1
63,64,North Carolina,13,2371,2869,993,5240,5.28,403.1
64,64,Middle Tennessee,13,2596,2644,987,5240,5.31,403.1
65,66,Virginia,12,2048,2795,856,4843,5.66,403.6
66,67,Central Michigan,12,2415,2447,831,4862,5.85,405.2
67,68,Ohio,13,2443,2833,918,5276,5.75,405.8
68,69,Texas,13,2380,2914,966,5294,5.48,407.2
69,70,Louisiana Tech,12,2337,2562,925,4899,5.30,408.3
70,71,Kent State,12,2386,2533,813,4919,6.05,409.9
71,72,Army,12,2560,2370,753,4930,6.55,410.8
72,73,SMU,12,1689,3262,887,4951,5.58,412.6
73,74,Rutgers,13,1310,4056,944,5366,5.68,412.8
74,75,Arkansas State,13,2342,3028,929,5370,5.78,413.1
75,76,Boise State,13,2134,3240,1023,5374,5.25,413.4
76,76,Arkansas,12,2141,2820,814,4961,6.09,413.4
77,78,Ball State,13,2539,2841,965,5380,5.58,413.8
78,79,Northern Illinois,14,2120,3680,1065,5800,5.45,414.3
79,80,Houston,13,1937,3468,1034,5405,5.23,415.8
80,81,Colorado State,14,1965,3860,1011,5825,5.76,416.1
81,82,Missouri,14,2141,3709,1080,5850,5.42,417.9
82,83,Duke,14,2438,3414,1033,5852,5.67,418.0
83,84,Tennessee,12,2488,2533,827,5021,6.07,418.4
84,85,Texas Tech,13,2621,2822,1015,5443,5.36,418.7
85,86,Western Michigan,12,3000,2030,865,5030,5.82,419.2
86,87,Auburn,14,2282,3608,989,5890,5.96,420.7
87,88,Toledo,12,2045,3016,870,5061,5.82,421.8
88,89,Northwestern,12,2012,3069,930,5081,5.46,423.4
89,90,Miami (Florida),13,2295,3248,964,5543,5.75,426.4
90,91,Louisiana-Monroe,12,2271,2851,880,5122,5.82,426.8
91,92,Kentucky,12,2368,2758,819,5126,6.26,427.2
92,93,Boston College,13,2079,3488,941,5567,5.92,428.2
93,94,Florida International,12,2465,2691,784,5156,6.58,429.7
94,95,Tulsa,12,2398,2768,933,5166,5.54,430.5
95,95,Fresno State,13,1915,3682,991,5597,5.65,430.5
96,97,Kansas,12,2287,2901,891,5188,5.82,432.3
97,98,UNLV,13,2812,2820,981,5632,5.74,433.2
98,99,Massachusetts,12,2586,2613,788,5199,6.60,433.3
99,100,Southern Mississippi,12,2695,2531,890,5226,5.87,435.5
100,101,Oregon State,13,2474,3202,924,5676,6.14,436.6
101,102,West Virginia,12,2292,3160,921,5452,5.92,454.3
102,103,Washington State,13,2449,3505,1006,5954,5.92,458.0
103,104,San Jose State,12,2575,2936,898,5511,6.14,459.3
104,105,Purdue,12,2825,2694,886,5519,6.23,459.9
105,106,Iowa State,12,2688,2869,918,5557,6.05,463.1
106,107,Georgia State,12,2668,2915,888,5583,6.29,465.3
107,108,Colorado,12,2502,3114,924,5616,6.08,468.0
108,109,UTEP,12,2974,2646,756,5620,7.43,468.3
109,110,Temple,12,2108,3583,889,5691,6.40,474.3
110,111,Texas A&M,13,2890,3295,973,6185,6.36,475.8
111,112,Illinois,12,2863,2915,867,5778,6.66,481.5
112,113,Wyoming,12,2642,3142,966,5784,5.99,482.0
113,114,Troy,12,2035,3763,869,5798,6.67,483.2
114,115,Miami (Ohio),12,2680,3131,915,5811,6.35,484.3
115,116,Air Force,12,3007,2876,918,5883,6.41,490.3
116,117,Hawai'i,12,2563,3373,994,5936,5.97,494.7
117,118,UAB,12,2656,3318,829,5974,7.21,497.8
118,119,Nevada,12,3102,2962,852,6064,7.12,505.3
119,120,Eastern Michigan,12,3096,3031,805,6127,7.61,510.6
120,121,New Mexico,12,3081,3113,835,6194,7.42,516.2
121,122,Idaho,12,2541,3790,917,6331,6.90,527.6
122,123,Indiana,12,2853,3482,940,6335,6.74,527.9
123,124,California,12,2263,4092,898,6355,7.08,529.6
124,125,New Mexico State,12,3594,3000,862,6594,7.65,549.5
