,Rank,Name,G,Rush Yards,Pass Yards,Plays,Total Yards,Yards/Play,Yards/G
0,1,TCU,13,1043,2073,801,3116,3.89,239.7
1,2,Alabama,14,1111,2324,842,3435,4.08,245.4
2,3,Texas,14,1013,2514,918,3527,3.84,251.9
3,4,Florida,14,1406,2127,844,3533,4.19,252.4
4,5,Ohio State,13,1180,2230,826,3410,4.13,262.3
5,6,North Carolina,13,1243,2262,835,3505,4.20,269.6
6,7,Nebraska,14,1294,2504,955,3798,3.98,271.3
7,8,Oklahoma,13,1208,2336,866,3544,4.09,272.6
8,9,Penn State,13,1168,2400,811,3568,4.40,274.5
9,10,Iowa,13,1607,1988,844,3595,4.26,276.5
10,11,Air Force,13,1742,2006,793,3748,4.73,288.3
11,12,Virginia Tech,13,1669,2172,835,3841,4.60,295.5
12,13,Arizona State,12,1303,2268,750,3571,4.76,297.6
13,14,Boise State,14,1685,2518,879,4203,4.78,300.2
14,15,South Carolina,13,1790,2119,828,3909,4.72,300.7
15,16,Army,12,1826,1836,726,3662,5.04,305.2
16,17,Wisconsin,13,1147,2827,782,3974,5.08,305.7
17,18,Rutgers,13,1342,2659,827,4001,4.84,307.8
18,19,Utah,13,1792,2288,876,4080,4.66,313.8
19,20,Clemson,14,2121,2279,967,4400,4.55,314.3
20,21,Mississippi,13,1824,2267,866,4091,4.72,314.7
21,22,Tennessee,13,1943,2201,852,4144,4.86,318.8
22,23,Pittsburgh,13,1382,2769,836,4151,4.97,319.3
23,24,South Florida,13,1761,2422,836,4183,5.00,321.8
24,25,Arizona,13,1566,2620,826,4186,5.07,322.0
25,26,LSU,13,1734,2525,910,4259,4.68,327.6
26,26,Boston College,13,1340,2919,896,4259,4.75,327.6
27,28,BYU,13,1432,2846,870,4278,4.92,329.1
28,29,Miami (Florida),13,1590,2695,831,4285,5.16,329.6
29,30,Northern Illinois,13,1636,2672,795,4308,5.42,331.4
30,31,Oklahoma State,13,1245,3078,919,4323,4.70,332.5
31,32,Temple,13,1399,2943,854,4342,5.08,334.0
32,32,UCLA,13,1856,2486,836,4342,5.19,334.0
33,34,Navy,14,1710,2983,856,4693,5.48,335.2
34,35,Oregon,13,1673,2699,953,4372,4.59,336.3
35,36,West Virginia,13,1647,2728,865,4375,5.06,336.5
36,37,Syracuse,12,1222,2822,743,4044,5.44,337.0
37,38,Georgia,13,1640,2772,868,4412,5.08,339.4
38,39,Kansas State,12,1265,2814,757,4079,5.39,339.9
39,40,USC,13,1666,2760,919,4426,4.82,340.5
40,41,Arkansas State,12,1475,2622,783,4097,5.23,341.4
41,42,Buffalo,12,1581,2531,790,4112,5.21,342.7
42,43,Central Michigan,14,1720,3099,939,4819,5.13,344.2
43,44,Louisiana-Monroe,12,1341,2843,819,4184,5.11,348.7
44,45,Ohio,14,2163,2727,1000,4890,4.89,349.3
45,46,Oregon State,13,1487,3056,838,4543,5.42,349.5
46,47,Northwestern,13,1666,2884,843,4550,5.40,350.0
47,48,UCF,13,1076,3481,871,4557,5.23,350.5
48,49,Texas Tech,13,1648,2933,949,4581,4.83,352.4
49,50,Middle Tennessee,13,1778,2835,952,4613,4.85,354.8
50,51,Kent State,12,1648,2627,860,4275,4.97,356.3
51,52,Virginia,12,2086,2215,852,4301,5.05,358.4
52,53,Georgia Tech,14,2123,2921,831,5044,6.07,360.3
53,54,Kentucky,13,2378,2308,845,4686,5.55,360.5
54,55,North Carolina State,12,1669,2666,762,4335,5.69,361.3
55,56,Vanderbilt,12,2374,1979,845,4353,5.15,362.8
56,57,Colorado,12,1934,2422,805,4356,5.41,363.0
57,58,Mississippi State,12,1752,2640,774,4392,5.67,366.0
58,59,Akron,12,2063,2349,833,4412,5.30,367.7
59,60,Louisiana Tech,12,1952,2466,828,4418,5.34,368.2
60,61,Duke,12,1834,2589,799,4423,5.54,368.6
61,62,Connecticut,13,1727,3067,862,4794,5.56,368.8
62,63,Minnesota,13,1972,2827,914,4799,5.25,369.2
63,64,Missouri,13,1542,3269,938,4811,5.13,370.1
64,65,Louisville,12,1981,2472,768,4453,5.80,371.1
65,66,Marshall,13,1753,3080,847,4833,5.71,371.8
66,67,Cincinnati,13,1869,2993,935,4862,5.20,374.0
67,68,Auburn,13,2033,2834,945,4867,5.15,374.4
68,69,Purdue,12,2081,2439,844,4520,5.36,376.7
69,70,Miami (Ohio),12,2243,2285,777,4528,5.83,377.3
70,71,California,13,1454,3459,889,4913,5.53,377.9
71,72,East Carolina,14,1684,3612,983,5296,5.39,378.3
72,73,Michigan State,13,1472,3479,914,4951,5.42,380.8
73,74,San Diego State,12,1986,2598,851,4584,5.39,382.0
74,75,Wake Forest,12,1972,2625,800,4597,5.75,383.1
75,76,Kansas,12,1659,2940,836,4599,5.50,383.3
76,77,Ball State,12,1828,2812,831,4640,5.58,386.7
77,78,Colorado State,12,1825,2828,816,4653,5.70,387.8
78,79,Washington,12,1786,2888,759,4674,6.16,389.5
79,80,Wyoming,13,2227,2870,912,5097,5.59,392.1
80,81,Southern Mississippi,13,1708,3394,949,5102,5.38,392.5
81,82,Michigan,12,2063,2657,838,4720,5.63,393.3
82,83,Maryland,12,1808,2946,818,4754,5.81,396.2
83,84,Tulsa,12,1764,3000,849,4764,5.61,397.0
84,85,SMU,13,2167,2995,929,5162,5.56,397.1
85,86,Notre Dame,12,2043,2730,771,4773,6.19,397.8
86,87,Bowling Green,13,2525,2652,860,5177,6.02,398.2
87,88,Indiana,12,1916,2896,836,4812,5.76,401.0
88,89,Arkansas,13,1985,3230,905,5215,5.76,401.2
89,90,Stanford,13,1793,3442,879,5235,5.96,402.7
90,91,Hawai'i,13,2624,2615,871,5239,6.01,403.0
91,92,Illinois,12,1853,2986,811,4839,5.97,403.3
92,93,Louisiana-Lafayette,12,2183,2669,810,4852,5.99,404.3
93,94,Baylor,12,2145,2722,907,4867,5.37,405.6
94,95,Toledo,12,1992,2897,848,4889,5.77,407.4
95,96,Nevada,13,1450,3871,831,5321,6.40,409.3
96,97,North Texas,12,2347,2601,843,4948,5.87,412.3
97,98,Fresno State,13,2783,2595,829,5378,6.49,413.7
98,99,Iowa State,13,2154,3252,929,5406,5.82,415.8
99,100,New Mexico,12,1980,3040,873,5020,5.75,418.3
100,101,Western Michigan,12,2150,2886,845,5036,5.96,419.7
101,102,Tulane,12,2495,2579,804,5074,6.31,422.8
102,103,New Mexico State,13,2869,2638,875,5507,6.29,423.6
103,104,Troy,13,1791,3728,937,5519,5.89,424.5
104,105,Texas A&M,13,2231,3311,934,5542,5.93,426.3
105,106,Eastern Michigan,12,3322,1801,748,5123,6.85,426.9
106,107,Idaho,13,2020,3615,868,5635,6.49,433.5
107,108,Florida State,13,2668,2981,837,5649,6.75,434.5
108,109,San Jose State,12,3110,2205,796,5315,6.68,442.9
109,110,UTEP,12,2410,2953,880,5363,6.09,446.9
110,111,Houston,14,3172,3146,1049,6318,6.02,451.3
111,112,Florida Atlantic,12,2647,2791,775,5438,7.02,453.2
112,113,UAB,12,1724,3716,856,5440,6.36,453.3
113,114,Utah State,12,2466,2995,858,5461,6.36,455.1
114,115,UNLV,12,2647,2827,824,5474,6.64,456.2
115,116,Memphis,12,2089,3401,854,5490,6.43,457.5
116,117,Rice,12,2287,3281,844,5568,6.60,464.0
117,118,Western Kentucky,12,2938,2801,829,5739,6.92,478.3
118,119,Florida International,12,2794,3105,897,5899,6.58,491.6
119,120,Washington State,12,2837,3307,865,6144,7.10,512.0
