,Rank,Name,G,Rush,Pass,Penalty,Total,Total/G
0,1,Baylor,13,175,176,26,377,29.0
1,2,Houston,14,115,258,20,393,28.1
2,3,Texas A&M,13,134,189,22,345,26.5
3,3,Nevada,13,169,156,19,344,26.5
4,5,Texas Tech,12,103,192,19,314,26.2
5,6,Oklahoma State,13,100,222,16,338,26.0
6,7,Oklahoma,13,117,206,14,337,25.9
7,8,Arizona,12,78,203,28,309,25.8
8,9,Boise State,13,108,202,24,334,25.7
9,10,Stanford,13,131,172,22,325,25.0
10,11,Western Michigan,13,86,204,30,320,24.6
11,11,USC,12,111,155,29,295,24.6
12,13,Missouri,13,175,126,15,316,24.3
13,13,South Florida,12,128,142,22,292,24.3
14,15,Oregon,14,188,131,20,339,24.2
15,16,Northern Illinois,14,158,149,26,333,23.8
16,16,Toledo,13,142,152,15,309,23.8
17,16,Arizona State,13,92,185,32,309,23.8
18,19,BYU,13,123,159,24,306,23.5
19,19,Notre Dame,13,116,162,28,306,23.5
20,19,Northwestern,13,136,150,19,305,23.5
21,22,Southern Mississippi,14,152,149,27,328,23.4
22,22,Ohio,14,156,152,19,327,23.4
23,22,Arkansas State,13,120,169,15,304,23.4
24,25,Wisconsin,14,164,144,18,326,23.3
25,25,Washington State,12,76,174,29,279,23.3
26,27,Air Force,13,204,78,19,301,23.2
27,27,West Virginia,13,91,187,23,301,23.2
28,29,East Carolina,12,82,179,10,271,22.6
29,30,Clemson,14,115,182,18,315,22.5
30,30,Hawai'i,13,67,197,28,292,22.5
31,32,Tulsa,13,125,145,17,287,22.1
32,33,Louisiana-Monroe,12,91,147,25,263,21.9
33,34,TCU,13,134,127,21,282,21.7
34,34,Middle Tennessee,12,104,140,16,260,21.7
35,36,San Diego State,13,114,148,19,281,21.6
36,37,Alabama,13,134,135,11,280,21.5
37,37,California,13,102,145,32,279,21.5
38,37,Arkansas,13,93,166,20,279,21.5
39,40,Navy,12,201,40,14,255,21.3
40,41,Army,12,218,27,9,254,21.2
41,42,Virginia Tech,14,146,133,17,296,21.1
42,42,Georgia,14,121,155,20,296,21.1
43,42,Washington,13,103,148,23,274,21.1
44,45,Utah State,13,163,97,13,273,21.0
45,45,Iowa State,13,124,127,22,273,21.0
46,45,UCF,12,113,128,11,252,21.0
47,45,Ball State,12,89,140,23,252,21.0
48,49,Virginia,13,110,149,13,272,20.9
49,50,Michigan,13,148,97,25,270,20.8
50,51,Fresno State,13,110,137,22,269,20.7
51,52,Purdue,13,127,123,17,267,20.5
52,52,Iowa,13,104,138,24,266,20.5
53,54,Georgia Tech,13,200,55,10,265,20.4
54,54,Nebraska,13,143,100,22,265,20.4
55,56,New Mexico State,13,94,154,16,264,20.3
56,56,Maryland,12,107,122,14,243,20.3
57,58,Wake Forest,13,102,146,15,263,20.2
58,58,Texas,13,146,101,15,262,20.2
59,58,UAB,12,86,136,20,242,20.2
60,61,Louisiana Tech,13,112,132,17,261,20.1
61,61,Indiana,12,107,115,19,241,20.1
62,63,Miami (Ohio),12,67,161,12,240,20.0
63,64,Pittsburgh,13,99,143,17,259,19.9
64,65,Buffalo,12,99,118,21,238,19.8
65,65,UTEP,12,96,122,20,238,19.8
66,65,Troy,12,64,157,16,237,19.8
67,65,Oregon State,12,55,160,22,237,19.8
68,69,Rutgers,13,80,148,28,256,19.7
69,69,Central Michigan,12,78,145,13,236,19.7
70,71,Kansas State,13,138,90,27,255,19.6
71,71,Cincinnati,13,117,115,23,255,19.6
72,71,Duke,12,67,144,24,235,19.6
73,74,Wyoming,13,113,123,18,254,19.5
74,74,Bowling Green,12,81,143,10,234,19.5
75,76,Michigan State,14,99,159,14,272,19.4
76,76,San Jose State,12,54,163,16,233,19.4
77,78,Illinois,13,123,109,19,251,19.3
78,79,LSU,14,146,97,26,269,19.2
79,79,North Carolina,13,94,142,14,250,19.2
80,81,South Carolina,13,146,90,12,248,19.1
81,82,Kansas,12,114,93,21,228,19.0
82,82,Syracuse,12,79,133,16,228,19.0
83,84,Florida State,13,92,134,20,246,18.9
84,84,Louisiana-Lafayette,13,82,142,22,246,18.9
85,86,Temple,13,152,76,17,245,18.8
86,86,SMU,13,62,164,19,245,18.8
87,88,UCLA,14,119,119,23,261,18.6
88,88,Florida International,13,107,114,21,242,18.6
89,90,Mississippi State,13,123,101,17,241,18.5
90,90,Colorado,13,81,135,25,241,18.5
91,92,North Carolina State,13,77,140,22,239,18.4
92,93,Penn State,13,116,107,15,238,18.3
93,93,Colorado State,12,110,89,21,220,18.3
94,93,Miami (Florida),12,85,118,17,220,18.3
95,96,Rice,12,109,94,15,218,18.2
96,96,Western Kentucky,12,108,91,19,218,18.2
97,98,Tennessee,12,73,126,18,217,18.1
98,99,North Texas,12,94,105,14,213,17.8
99,100,Eastern Michigan,12,138,60,13,211,17.6
100,101,Tulane,13,89,123,16,228,17.5
101,101,Auburn,13,129,86,12,227,17.5
102,103,Connecticut,12,80,108,20,208,17.3
103,104,Vanderbilt,13,121,82,20,223,17.2
104,105,Ohio State,13,127,76,19,222,17.1
105,105,Florida,13,95,106,21,222,17.1
106,107,Louisville,13,93,116,5,214,16.5
107,108,Utah,13,96,93,24,213,16.4
108,109,Minnesota,12,104,81,10,195,16.3
109,110,Marshall,13,82,118,11,211,16.2
110,111,Boston College,12,77,103,11,191,15.9
111,112,Akron,12,81,91,18,190,15.8
112,113,New Mexico,12,82,89,16,187,15.6
113,113,Idaho,12,64,105,18,187,15.6
114,115,Mississippi,12,97,79,10,186,15.5
115,116,Memphis,12,61,107,14,182,15.2
116,117,UNLV,12,101,65,15,181,15.1
117,118,Florida Atlantic,12,69,90,17,176,14.7
118,119,Kentucky,12,84,67,19,170,14.2
119,120,Kent State,12,62,84,17,163,13.6
