,Rank,Name,G,Rush Yards,Pass Yards,Plays,Total Yards,Yards/Play,Yards/G
0,1,Clemson,13,1344,2046,841,3390,4.03,260.8
1,2,Penn State,13,1306,2317,849,3623,4.27,278.7
2,3,Stanford,13,1358,2313,873,3671,4.21,282.4
3,4,Wisconsin,14,1765,2352,839,4117,4.91,294.1
4,5,UCF,13,1356,2525,869,3881,4.47,298.5
5,6,Louisville,13,1416,2595,845,4011,4.75,308.5
6,7,Michigan,12,1412,2324,783,3736,4.77,311.3
7,8,Michigan State,13,1150,2955,807,4105,5.09,315.8
8,9,LSU,13,1985,2134,845,4119,4.87,316.8
9,10,Arkansas,13,1490,2714,821,4204,5.12,323.4
10,11,Boston College,13,1228,2987,822,4215,5.13,324.2
11,12,Alabama,14,1434,3164,945,4598,4.87,328.4
12,13,Mississippi,13,1780,2497,915,4277,4.67,329.0
13,14,Miami (Florida),13,1782,2503,895,4285,4.79,329.6
14,15,Florida,12,1394,2563,869,3957,4.55,329.8
15,16,San Diego State,13,2001,2321,877,4322,4.93,332.5
16,17,Georgia,13,2169,2215,905,4384,4.84,337.2
17,18,TCU,13,1414,3029,953,4443,4.66,341.8
18,19,Ohio State,15,2120,3016,1032,5136,4.98,342.4
19,20,Houston,13,1863,2601,915,4464,4.88,343.4
20,21,Virginia Tech,13,1882,2587,868,4469,5.15,343.8
21,22,Iowa,13,2188,2287,847,4475,5.28,344.2
22,23,Missouri,14,1865,2978,1005,4843,4.82,345.9
23,24,Temple,12,1922,2243,876,4165,4.75,347.1
24,25,Appalachian State,12,1828,2342,786,4170,5.31,347.5
25,26,Texas,13,2136,2395,968,4531,4.68,348.5
26,27,Syracuse,12,1671,2519,838,4190,5.00,349.2
27,28,Memphis,13,1580,2964,959,4544,4.74,349.5
28,29,Virginia,12,1448,2790,825,4238,5.14,353.2
29,30,Central Michigan,13,1598,3023,849,4621,5.44,355.5
30,31,Utah State,14,1830,3155,1047,4985,4.76,356.1
31,32,Marshall,14,2243,2756,1056,4999,4.73,357.1
32,33,San Jose State,12,2873,1414,777,4287,5.52,357.3
33,34,Pittsburgh,13,2091,2586,837,4677,5.59,359.8
34,35,Louisiana Tech,14,1655,3420,1028,5075,4.94,362.5
35,36,Florida International,12,1925,2440,812,4365,5.38,363.8
36,37,Tennessee,13,2189,2551,892,4740,5.31,364.6
37,38,East Carolina,13,1453,3322,937,4775,5.10,367.3
38,39,UTEP,13,2299,2486,760,4785,6.30,368.1
39,40,Minnesota,13,2271,2515,882,4786,5.43,368.2
40,41,Wake Forest,12,2192,2239,849,4431,5.22,369.3
41,41,Kansas State,13,1824,2977,879,4801,5.46,369.3
42,43,North Texas,12,1941,2492,809,4433,5.48,369.4
43,44,UTSA,12,1682,2754,848,4436,5.23,369.7
44,45,Akron,12,1783,2670,859,4453,5.18,371.1
45,46,Western Michigan,13,1996,2829,882,4825,5.47,371.2
46,47,North Carolina State,13,2189,2661,926,4850,5.24,373.1
47,48,Louisiana-Monroe,12,2200,2279,844,4479,5.31,373.3
48,49,Boise State,14,1996,3260,1004,5256,5.24,375.4
49,50,Connecticut,12,2038,2505,871,4543,5.22,378.6
50,51,Baylor,13,1530,3434,941,4964,5.28,381.8
51,52,Oklahoma,13,1383,3591,968,4974,5.14,382.6
52,53,Nebraska,13,2312,2676,929,4988,5.37,383.7
53,54,Northwestern,12,2039,2572,878,4611,5.25,384.3
54,55,Rice,13,1983,3034,874,5017,5.74,385.9
55,56,Tulane,12,1895,2759,824,4654,5.65,387.8
56,57,Georgia Southern,12,1844,2813,849,4657,5.49,388.1
57,58,BYU,13,1584,3506,1032,5090,4.93,391.5
58,59,Northern Illinois,14,2284,3199,997,5483,5.50,391.6
59,60,Utah,13,1909,3206,957,5115,5.34,393.5
60,61,Ohio,12,1595,3137,848,4732,5.58,394.3
61,62,Air Force,13,1763,3368,895,5131,5.73,394.7
62,63,Florida State,14,2382,3175,1008,5557,5.51,396.9
63,64,Buffalo,11,1927,2448,746,4375,5.86,397.7
64,65,UCLA,13,1923,3258,1002,5181,5.17,398.5
65,66,Auburn,13,2194,2991,914,5185,5.67,398.8
66,67,South Alabama,13,2419,2767,927,5186,5.59,398.9
67,68,West Virginia,13,2186,3006,957,5192,5.43,399.4
68,69,Duke,13,2508,2688,985,5196,5.28,399.7
69,70,Vanderbilt,12,2205,2620,844,4825,5.72,402.1
70,71,South Florida,12,2195,2638,849,4833,5.69,402.8
71,72,Navy,13,2582,2668,901,5250,5.83,403.8
72,73,Notre Dame,13,2225,3029,938,5254,5.60,404.2
73,74,Louisiana-Lafayette,13,1849,3427,898,5276,5.88,405.8
74,75,UAB,12,2101,2772,858,4873,5.68,406.1
75,76,Oregon State,12,1898,2977,847,4875,5.76,406.3
76,77,Kentucky,12,2294,2589,888,4883,5.50,406.9
77,78,USC,13,1734,3569,1001,5303,5.30,407.9
78,78,Toledo,13,1511,3792,912,5303,5.81,407.9
79,80,Washington,14,1737,4012,1068,5749,5.38,410.6
80,81,Georgia Tech,14,2346,3412,911,5758,6.32,411.3
81,82,Purdue,12,2305,2687,894,4992,5.58,416.0
82,83,Arizona State,13,2046,3376,964,5422,5.62,417.1
83,84,Hawai'i,13,2240,3196,958,5436,5.67,418.2
84,85,Arkansas State,13,2668,2808,975,5476,5.62,421.2
85,86,Mississippi State,13,1970,3547,977,5517,5.65,424.4
86,87,Colorado State,13,2610,2915,962,5525,5.74,425.0
87,88,Ball State,12,2293,2853,877,5146,5.87,428.8
88,89,Oregon,15,2481,3964,1168,6445,5.52,429.7
89,90,Kent State,11,2354,2379,823,4733,5.75,430.3
90,91,Army,12,2316,2854,798,5170,6.48,430.8
91,91,Wyoming,12,2436,2733,790,5169,6.54,430.8
92,93,Oklahoma State,13,2117,3499,970,5616,5.79,432.0
93,94,South Carolina,13,2759,2866,904,5625,6.22,432.7
94,95,Indiana,12,2192,3013,890,5205,5.85,433.8
95,96,Miami (Ohio),12,2399,2812,864,5211,6.03,434.3
96,97,Maryland,13,2625,3046,1040,5671,5.45,436.2
97,98,Cincinnati,13,2388,3320,955,5708,5.98,439.1
98,99,Washington State,12,1748,3559,859,5307,6.18,442.3
99,100,Rutgers,13,2760,2996,901,5756,6.39,442.8
100,101,Texas State,12,2434,2919,938,5353,5.71,446.1
101,102,Nevada,13,2333,3479,991,5812,5.86,447.1
102,103,Massachusetts,12,2301,3069,934,5370,5.75,447.5
103,104,Texas A&M,13,2808,3052,992,5860,5.91,450.8
104,105,Arizona,14,2377,3937,1115,6314,5.66,451.0
105,106,Southern Mississippi,12,2596,2821,845,5417,6.41,451.4
106,107,Old Dominion,12,2670,2756,886,5426,6.12,452.2
107,108,Middle Tennessee,12,2191,3236,927,5427,5.85,452.3
108,109,Kansas,12,2516,2922,865,5438,6.29,453.2
109,110,Troy,12,2953,2495,854,5448,6.38,454.0
110,111,Fresno State,14,2827,3557,1018,6384,6.27,456.0
111,112,Illinois,13,3109,2824,987,5933,6.01,456.4
112,113,Florida Atlantic,12,2665,2864,887,5529,6.23,460.8
113,114,Colorado,12,2458,3074,845,5532,6.55,461.0
114,115,Idaho,11,2708,2382,734,5090,6.93,462.7
115,116,New Mexico State,12,3705,2094,892,5799,6.50,483.3
116,117,Tulsa,12,2576,3265,841,5841,6.95,486.8
117,118,Bowling Green,14,2830,4080,1156,6910,5.98,493.6
118,119,Georgia State,12,3641,2324,908,5965,6.57,497.1
119,120,North Carolina,13,3126,3346,991,6472,6.53,497.8
120,121,Eastern Michigan,12,2687,3298,887,5985,6.75,498.8
121,122,SMU,12,2829,3164,905,5993,6.62,499.4
122,123,Western Kentucky,13,2870,3759,996,6629,6.66,509.9
123,124,California,12,1735,4406,980,6141,6.27,511.8
124,125,Texas Tech,12,3114,3038,986,6152,6.24,512.7
125,126,UNLV,13,3820,2855,1014,6675,6.58,513.5
126,127,New Mexico,12,3228,3000,913,6228,6.82,519.0
127,128,Iowa State,12,2955,3392,972,6347,6.53,528.9
