,Rank,Name,G,Rush,Pass,Penalty,Total,Total/G
0,1,Ohio State,4,57,46,12,115,28.8
1,2,Louisiana-Lafayette,4,58,48,6,112,28.0
2,2,Wisconsin,3,43,39,2,84,28.0
3,2,Oklahoma,3,39,43,2,84,28.0
4,2,Texas Tech,3,27,54,3,84,28.0
5,6,Navy,2,45,8,2,55,27.5
6,7,Coastal Carolina,4,59,44,6,109,27.3
7,7,UCF,4,48,46,15,109,27.3
8,9,Texas,4,40,61,7,108,27.0
9,9,Hawai'i,4,33,68,7,108,27.0
10,9,Utah State,3,24,52,5,81,27.0
11,12,LSU,4,37,65,5,107,26.8
12,13,Clemson,4,53,41,12,106,26.5
13,13,Colorado State,4,39,59,8,106,26.5
14,13,Washington State,4,22,81,3,106,26.5
15,16,Troy,3,31,41,7,79,26.3
16,17,Ball State,4,29,66,9,104,26.0
17,17,Oregon State,3,41,31,6,78,26.0
18,19,Arizona,3,37,38,2,77,25.7
19,19,Iowa State,3,28,47,2,77,25.7
20,21,Oklahoma State,4,53,35,14,102,25.5
21,21,Wake Forest,4,43,54,5,102,25.5
22,21,Alabama,4,40,58,4,102,25.5
23,24,North Carolina State,4,50,42,9,101,25.3
24,25,Kansas State,3,40,30,5,75,25.0
25,25,Baylor,3,35,35,5,75,25.0
26,27,Missouri,4,49,43,7,99,24.8
27,27,Washington,4,44,50,5,99,24.8
28,27,Boise State,4,39,57,3,99,24.8
29,30,Texas A&M,4,32,60,6,98,24.5
30,31,Fresno State,3,27,36,10,73,24.3
31,32,Florida State,4,40,47,9,96,24.0
32,32,Louisiana Tech,4,37,54,5,96,24.0
33,32,Maryland,3,33,36,3,72,24.0
34,32,Louisiana-Monroe,3,30,34,8,72,24.0
35,36,Boston College,4,55,35,5,95,23.8
36,36,Houston,4,51,32,12,95,23.8
37,36,Georgia,4,45,47,3,95,23.8
38,39,TCU,3,38,26,7,71,23.7
39,40,Georgia State,4,46,42,5,93,23.3
40,40,Mississippi State,4,46,41,6,93,23.3
41,40,SMU,4,43,44,6,93,23.3
42,40,Kentucky,4,41,43,9,93,23.3
43,40,Arkansas,4,32,52,9,93,23.3
44,45,Oregon,4,30,56,6,92,23.0
45,45,Florida Atlantic,4,26,58,8,92,23.0
46,45,New Mexico,3,30,29,10,69,23.0
47,45,Temple,3,19,43,7,69,23.0
48,49,Michigan State,4,35,47,9,91,22.8
49,49,Western Michigan,4,32,50,9,91,22.8
50,49,Indiana,4,29,57,5,91,22.8
51,52,Marshall,3,37,27,4,68,22.7
52,52,Virginia Tech,3,30,36,2,68,22.7
53,52,Duke,3,29,35,4,68,22.7
54,55,Auburn,4,57,29,4,90,22.5
55,55,North Texas,4,40,45,5,90,22.5
56,57,Tulane,4,57,27,5,89,22.3
57,57,Utah,4,48,31,10,89,22.3
58,57,North Carolina,4,36,47,6,89,22.3
59,57,Miami (Florida),4,29,52,8,89,22.3
60,57,Florida,4,27,52,10,89,22.3
61,57,Iowa,3,32,29,6,67,22.3
62,57,San Jose State,3,18,41,8,67,22.3
63,64,Nebraska,4,42,41,5,88,22.0
64,64,Eastern Michigan,4,28,52,8,88,22.0
65,64,Middle Tennessee,3,24,38,4,66,22.0
66,64,Penn State,3,23,38,5,66,22.0
67,68,Mississippi,4,38,43,6,87,21.8
68,68,Pittsburgh,4,26,51,10,87,21.8
69,70,Air Force,3,52,12,1,65,21.7
70,71,Buffalo,4,54,21,11,86,21.5
71,71,Virginia,4,31,45,10,86,21.5
72,71,USC,4,29,52,5,86,21.5
73,71,South Carolina,4,27,51,8,86,21.5
74,75,San Diego State,4,39,41,5,85,21.3
75,75,California,4,35,39,11,85,21.3
76,75,Michigan,3,17,33,14,64,21.3
77,78,Army,4,74,5,5,84,21.0
78,78,Charlotte,4,42,33,9,84,21.0
79,78,Tulsa,4,39,40,5,84,21.0
80,78,East Carolina,4,38,40,6,84,21.0
81,78,Colorado,4,33,47,4,84,21.0
82,78,Arkansas State,4,28,50,6,84,21.0
83,78,Memphis,3,30,29,4,63,21.0
84,78,Minnesota,3,28,31,4,63,21.0
85,86,Louisville,4,46,30,7,83,20.8
86,86,Florida International,4,35,38,10,83,20.8
87,88,Illinois,4,36,39,6,81,20.3
88,88,Liberty,4,28,44,9,81,20.3
89,90,Kansas,4,38,38,4,80,20.0
90,90,Kent State,4,31,40,9,80,20.0
91,92,Cincinnati,3,31,25,3,59,19.7
92,92,Purdue,3,12,42,5,59,19.7
93,94,Stanford,4,26,42,10,78,19.5
94,94,New Mexico State,4,23,49,6,78,19.5
95,96,Bowling Green,4,37,35,5,77,19.3
96,96,UCLA,4,27,40,10,77,19.3
97,96,Texas State,4,22,47,8,77,19.3
98,96,UNLV,3,37,18,3,58,19.3
99,96,Toledo,3,31,21,6,58,19.3
100,96,Northwestern,3,31,19,8,58,19.3
101,102,Ohio,4,30,37,9,76,19.0
102,102,West Virginia,4,26,42,8,76,19.0
103,102,Central Michigan,4,24,43,9,76,19.0
104,102,Appalachian State,3,29,24,4,57,19.0
105,102,UAB,3,22,29,6,57,19.0
106,102,Notre Dame,3,21,31,5,57,19.0
107,102,Vanderbilt,3,20,29,8,57,19.0
108,109,Tennessee,4,37,32,6,75,18.8
109,109,South Alabama,4,37,25,13,75,18.8
110,109,Nevada,4,28,42,5,75,18.8
111,112,BYU,4,24,46,4,74,18.5
112,112,Southern Mississippi,4,24,46,4,74,18.5
113,114,UTSA,4,36,31,6,73,18.3
114,114,Old Dominion,3,29,21,5,55,18.3
115,116,Western Kentucky,3,16,33,4,53,17.7
116,117,Syracuse,4,25,37,8,70,17.5
117,118,Massachusetts,4,30,31,8,69,17.3
118,119,Arizona State,4,23,40,5,68,17.0
119,119,Connecticut,3,20,21,10,51,17.0
120,119,Northern Illinois,3,12,37,2,51,17.0
121,122,Wyoming,4,38,21,6,65,16.3
122,123,Georgia Tech,3,31,11,6,48,16.0
123,123,UTEP,3,25,18,5,48,16.0
124,125,Rice,4,21,32,7,60,15.0
125,126,Akron,4,17,36,5,58,14.5
126,127,Rutgers,3,11,29,3,43,14.3
127,128,South Florida,3,16,20,2,38,12.7
128,129,Miami (Ohio),4,23,21,5,49,12.3
129,130,Georgia Southern,3,25,7,4,36,12.0
